76341,281957
76341,198663
76341,4723
140607,1892
140607,1891
140607,11
140607,1894
286217,157336
286217,75174
286217,568
286217,26388
286217,10514
135397,329
135397,7191
135397,27576
135397,27578
293660,1726
293660,68721
293660,100402
293660,10195
293660,24428
299687,602
299687,140607
299687,157336
299687,118340
157336,602
157336,27576
157336,19913
157336,4507
87101,157336
87101,605
87101,218
102899,100402
102899,99861
102899,271110
102899,76338
102899,10195
131631,76341
131631,110415
131631,12244
158852,105
158852,165
158852,602
158852,196
198184,157336
198184,87101
198184,605
198184,2048
198184,76341
198663,294254
198663,185063
198663,49049
198663,10803
257344,269100
257344,82690
257344,228933
257344,4723
257344,9980
118340,157336
118340,286217
118340,102899
118340,99861
118340,100402
27205,336004
27205,4507
27205,377
27205,81188
27205,294652
238615,602
238615,334074
238615,97051
238615,4507
238615,314555
100402,99861
100402,76338
100402,10195
262500,76341
262500,157336
262500,198663
262500,131634
262500,294254
76757,157336
76757,62
76757,286217
76757,118340
76757,49047
127585,36668
127585,36658
127585,36657
127585,100402
240832,106646
240832,263472
240832,258480
240832,292431
240832,979
294254,131631
294254,110415
101299,281957
101299,76341
101299,27576
101299,59967
101299,2048
49047,157336
49047,286217
49047,40430
49047,118340
49047,140607
19995,10681
19995,137113
19995,602
98566,140300
98566,194662
98566,24
98566,49026
72190,49901
72190,263265
72190,8408
72190,241842
72190,361159
264660,87101
264660,78
264660,2048
264660,76341
264660,157336
110415,7191
110415,9659
110415,1690
534,157336
534,603
534,78
218,296
218,157336
218,603
70981,602
70981,299687
70981,7453
70981,49849
70981,137113
1771,99861
1771,155
1771,228150
271110,100402
271110,99861
271110,155
271110,49521
271110,76338
246655,100402
246655,271110
246655,102899
246655,118340
2048,59967
2048,281957
2048,76341
2048,177572
17654,10200
17654,840
17654,846
68726,140607
68726,211672
68726,135397
68726,76341
68726,87101
280,534
280,218
280,10134
280,11633
280,24150
91314,177572
91314,19995
91314,39254
91314,17654
91314,68726
51876,127585
51876,246655
51876,867
51876,36658
51876,36657
24428,99861
24428,100402
24428,76338
78,157336
78,87101
78,9323
78,603
119450,63
119450,75174
119450,1705
1726,99861
1726,68721
1726,100402
1726,76338
87421,281957
87421,27576
87421,357096
87421,157336
87421,76341
10138,99861
10138,68721
10138,100402
10138,76338
157350,40508
157350,18885
157350,16314
157350,198663
157350,32302
206487,87101
206487,127585
206487,41154
206487,298312
206487,13475
137113,602
137113,299687
137113,49849
366924,155
366924,30061
366924,49026
366924,14011
366924,76589
166424,99861
166424,100402
166424,271110
166424,102899
166424,24428
49849,602
49849,348
49849,7453
49849,228161
68721,99861
68721,10138
68721,100402
68721,76338
1895,11
1895,1892
1895,1891
39254,307081
39254,70
39254,1366
39254,22881
68724,157336
68724,811
68724,19761
68724,62
68724,81796
284053,100402
284053,76338
284053,10195
284053,1771
284053,271110
75612,602
75612,157336
75612,286217
75612,19995
75612,118340
97020,87101
97020,4723
97020,101299
97020,264660
49521,1924
49521,8536
49521,9531
49521,100402
9693,101299
9693,602
9693,7191
9693,604
6479,534
6479,9659
6479,185063
6479,25769
37686,76341
37686,281957
37686,273481
37686,245891
37686,101299
49529,76341
49529,49849
49529,8870
49529,245506
7191,602
7191,27576
7191,146301
107985,602
107985,109414
107985,72190
107985,14161
1487,155
1487,49026
1487,49521
1487,1452
1487,1924
15512,91314
15512,19995
15512,17654
15512,68726
15512,602
2277,87101
2277,157336
2277,78
2277,198184
2277,76341
41154,602
41154,299687
41154,7453
41154,118340
41154,49849
36586,155
36586,99861
36586,209112
36586,100402
36586,49026
80274,602
80274,157336
80274,299687
80274,286217
80274,118340
61791,10527
61791,9836
61791,1687
61791,6950
1894,11
1894,1892
1894,1891
608,607
608,602
608,955
608,679
608,954
296,218
296,534
296,157336
296,603
38,12225
38,300
38,27066
38,4507
38,292431
601,95
601,607
601,602
601,608
601,679
9738,9806
9738,9741
9738,11188
9738,11891
209112,30061
209112,14011
209112,100402
209112,49521
209112,99861
54138,286217
54138,13475
54138,75612
54138,602
59967,281957
59967,27576
59967,357096
59967,76341
59967,245891
7453,602
7453,157336
7453,679
106,299687
106,602
106,7453
106,49849
106,137113
49049,76341
49049,281957
49049,4638
49049,97020
262543,76341
262543,87101
262543,2048
262543,157336
262543,78
124905,15766
124905,1682
124905,19545
124905,15767
124905,39256
10386,91314
10386,68726
10386,15512
10386,217
10386,38356
44943,101299
44943,7191
44943,14161
44943,602
70160,314
70160,9323
70160,117826
70160,124787
1724,99861
1724,1771
1724,100402
1724,76338
13475,602
13475,2164
13475,4437
13475,152
2675,11548
2675,17654
2675,11544
2675,679
2675,602
157353,157336
157353,62
157353,201088
157353,605
157353,97020
11253,99861
11253,155
11253,209112
11253,100402
11253,24428
180,807
180,861
180,2277
180,644
180,7980
604,140300
604,954
604,2048
49530,76341
49530,157336
49530,87101
49530,177572
49530,198184
644,603
644,534
644,78
644,1213
644,307663
307663,603
307663,605
307663,78
307663,62
307663,2048
13183,155
13183,49026
13183,49521
13183,272
13183,75656
348,679
348,602
348,607
348,608
1272,157336
1272,602
1272,957
1272,95
1272,605
60935,273248
60935,1091
60935,253412
60935,44214
60935,13475
16320,140300
16320,24
16320,604
16320,605
16320,9502
14161,602
14161,281957
14161,27576
14161,9693
74,299687
74,602
74,107985
74,109414
74,14161
46529,955
46529,607
46529,954
46529,956
46529,608
44833,602
44833,22825
44833,4961
44833,3034
44833,9538
63,76341
63,87101
63,294254
63,110415
19959,1635
19959,9304
19959,17431
19959,817
39513,602
45612,27576
45612,105
45612,807
45612,193893
45612,75780
1954,87101
1954,127585
1954,41154
1954,38
1954,206487
9928,105
9928,165
9928,196
9928,530
88751,11571
88751,425
88751,35002
88751,135397
88751,18890
64635,37724
64635,27576
64635,268490
64635,35632
605,140300
605,98566
605,2048
605,24
20526,157336
20526,87101
20526,198184
20526,603
20526,240832
10865,12
10865,150540
10865,585
10865,920
10865,150689
7299,36022
7299,36024
7299,36025
7299,637
7299,9314
72559,101299
72559,602
72559,14869
72559,27576
72559,75656
34851,19995
34851,602
34851,17654
34851,91314
34851,828
13811,602
13811,27576
13811,4723
13811,8461
13811,186929
12437,123553
12437,24021
12437,12090
12437,9665
12437,967
83542,500
83542,1635
83542,27578
83542,76163
76726,7191
76726,216282
76726,10664
76726,10281
228161,157336
228161,118340
228161,602
228161,299687
228161,286217
8836,273481
8836,840
8836,19995
8836,27576
227719,87101
227719,127585
227719,7191
227719,41154
158015,380565
158015,242582
158015,263472
158015,242606
158015,136835
840,602
840,608
840,601
840,44943
1635,858
1635,2313
1635,8390
1635,5123
1635,10691
1927,155
1927,99861
1927,209112
1927,100402
1927,49026
17431,157336
17431,286217
17431,62
17431,19995
17431,602
36648,155
36648,49521
36648,1452
36648,36647
36648,1924
926,286217
926,19995
926,563
926,1891
926,602
1576,72190
1576,127585
1576,159824
1576,294254
1576,101299
114478,157336
114478,19995
114478,679
114478,602
114478,563
20504,76341
20504,198663
20504,131631
20504,262500
20504,294254
9016,1995
9016,22
9016,1996
9016,10693
9016,85
7551,273481
7551,87101
7551,127585
7551,137113
7551,75656
8698,87101
8698,296
8698,218
8698,157336
8698,603
170,294254
170,72190
170,49901
170,668
152601,605
152601,604
152601,603
152601,157336
152601,87101
10200,828
10200,602
10200,846
10200,38356
72545,210577
72545,177677
72545,1654
72545,36573
72545,78229
218043,37302
218043,352079
218043,352041
218043,352043
218043,356457
12244,76341
12244,2048
12244,49529
12244,604
44912,30061
44912,14011
44912,155
44912,99861
44912,209112
279229,87101
279229,127585
279229,11469
279229,13475
279229,673
81,157336
81,602
81,218
81,608
81,296
19898,602
19898,281957
19898,140607
19898,299687
19898,157336
14869,281957
14869,27576
14869,245891
14869,101299
14869,562
1452,1924
1452,8536
1452,9531
1452,30061
10679,290305
10679,290015
10679,289927
10679,257624
10679,289941
8078,602
8078,299687
8078,140607
8078,157336
8078,7453
38055,602
38055,608
38055,1368
38055,395
38055,4723
5876,157336
5876,7191
5876,39254
5876,21407
1562,294254
1562,954
1562,7191
1562,1576
196,105
196,165
196,9574
196,11040
196,8366
10483,602
10483,105
10483,165
10483,196
10483,19912
10304,602
10304,601
10304,644
10304,840
10304,11544
31011,4507
31011,140300
31011,2675
31011,14874
31011,45612
8373,27576
8373,7191
8373,85
8373,44943
8373,857
1903,603
1903,604
1903,321697
1903,605
1903,201088
834,277
834,181533
834,673
834,62
834,12444
251516,135397
251516,87101
251516,140300
251516,228150
251516,127585
81796,157336
81796,19995
81796,602
81796,10681
81796,27576
6795,157336
6795,602
6795,118340
6795,19995
6795,91314
11127,157336
11127,19995
11127,95
11127,679
11127,602
71469,602
71469,299687
71469,137113
71469,24428
71469,7453
22825,281957
22825,27576
22825,357096
22825,101299
22825,17494
9480,155
9480,49026
9480,102899
9480,99861
9480,100402
97370,602
97370,299687
97370,140607
97370,157336
97370,7453
2756,660
2756,14372
2756,601
2756,228165
2756,11607
1577,140300
1577,24
1577,1576
1577,27578
1577,1562
38321,71676
38321,26300
38321,19877
38321,185063
38321,46522
283995,99861
283995,118340
283995,100402
283995,76338
283995,10195
167,281957
167,59967
167,49849
167,602
167,193893
218784,159824
218784,72190
218784,294254
218784,101299
218784,110415
10796,269332
10796,106912
10796,104691
10796,155
10796,1213
59678,602
59678,137113
59678,7453
59678,44943
299536,99861
299536,100402
299536,76338
299536,10195
299536,1771
1738,58
1738,605
1738,251
1738,2046
1738,5854
122906,157336
122906,87101
122906,127585
122906,39254
122906,238
157834,157336
157834,87101
157834,604
157834,198184
157834,321697
72710,602
72710,299687
72710,137113
72710,7453
72710,70981
242095,201088
242095,65754
242095,15472
242095,10429
242095,33613
440,299687
440,137113
440,602
440,7453
440,106
297761,30061
297761,14011
297761,155
297761,99861
297761,102899
39538,157336
39538,602
39538,4961
39538,149
39538,360784
9383,10764
9383,857
9383,1949
9383,4512
9383,7512
9381,101299
9381,1372
9381,4723
9381,11427
9381,17
2787,281957
2787,7191
2787,44943
2787,238636
2787,14161
6171,9552
6171,1250
6171,36060
6171,222385
6171,37252
957,679
957,602
957,563
957,62
957,7453
869,871
869,19995
869,679
869,602
869,348
1381,38
1381,408
1381,7350
1381,858
1381,744
11237,29958
11237,44548
11237,98106
11237,9325
11237,9096
55931,13475
55931,2666
55931,4723
55931,15877
9920,27576
9920,19936
9920,10312
9920,11588
9920,11549
37707,135397
37707,78
37707,1930
37707,329
37707,331
7512,1103
7512,36800
7512,81796
7512,9388
7512,281
6278,82960
6278,220903
6278,20784
6278,31190
6278,190770
37933,27022
37933,129
37933,10515
37933,866
37933,51739
431,39918
431,357096
431,281957
431,81463
431,285840
12180,11
12180,140607
12180,1894
12180,1892
12180,1891
244267,242095
244267,1018
244267,231576
244267,9081
244267,209271
152,603
152,157336
152,87101
152,172
152,534
10045,16869
10045,75656
10045,306819
10045,954
10045,3989
9620,603
9620,534
9620,955
9620,362685
9620,346873
43933,299687
43933,137113
43933,602
43933,7453
43933,145221
273271,87101
273271,76341
273271,336004
273271,100402
273271,127585
62764,60304
62764,299822
380688,157336
380688,294254
380688,110415
380688,78
380688,49051
14337,41154
14337,227719
14337,489
14337,24469
14337,59940
1255,49519
1255,2062
1255,62177
1255,10999
1255,321030
1273,246655
1273,127585
1273,98566
1273,270487
1273,36658
8452,198663
8452,262500
8452,157350
8452,49049
8452,64635
296130,339677
296130,22618
280617,157336
280617,286217
280617,118340
280617,49047
280617,19995
7450,602
7450,118340
7450,7453
7450,49849
7450,228161
16258,281957
16258,245891
16258,357096
16258,26390
16258,2017
10606,41154
10606,227719
10606,14337
10606,23048
10606,1267
16577,102899
16577,99861
16577,100402
16577,155
16577,293660
5137,699
5137,646
5137,954
5137,657
5137,708
395,602
395,157336
395,7453
395,299687
395,679
23048,37265
23048,55580
23048,68718
23048,112160
23048,27066
1858,157336
1858,76341
1858,87101
1858,177572
1858,264660
141052,30061
141052,14011
141052,183011
141052,251768
141052,155
42188,810
42188,4507
42188,72186
42188,324366
42188,275949
2789,6479
2789,1892
2789,1368
2789,1593
2789,9659
8338,9030
8338,901
8338,16
8338,10424
8338,868
12279,673
12279,672
12279,675
12279,674
12279,671
9973,225886
9973,562
9973,602
9973,333348
9973,49519
174675,78
174675,9323
174675,87101
174675,11633
174675,12140
220289,13475
220289,11954
220289,11777
220289,2787
51620,13475
51620,10995
51620,12620
51620,16411
51620,45453
14069,292431
14069,27066
14069,4723
14069,45612
14069,152584
312526,299687
312526,41302
312526,137113
312526,602
312526,7453
8965,76338
8965,10195
8965,10865
8965,762
8965,44363
201,602
201,152
201,172
201,817
201,199
119431,12279
119431,860
119431,365806
119431,249070
119431,8765
42684,44943
42684,840
42684,44912
42684,25797
42684,207641
4723,27576
4723,25832
4723,281957
4723,245891
4723,59967
228066,159824
228066,76492
228066,49017
228066,13509
228066,1487
174772,602
174772,7191
174772,13475
174772,76726
174772,10664
60747,393
60747,277216
60747,602
60747,857
60747,2062
19901,68718
19901,263472
19901,15762
19901,12685
19901,7341
5549,281957
5549,27576
5549,97020
5549,2048
5549,10900
2135,87101
2135,76341
2135,157336
2135,177572
2135,198184
42194,76341
42194,140300
42194,24
42194,98566
42194,131634
929,72559
929,714
929,502
929,49022
929,260
310135,110415
310135,76341
310135,281957
310135,273481
310135,245891
145135,19995
145135,17654
145135,321258
145135,36647
145135,91314
156717,955
156717,287948
156717,347754
156717,924
156717,11596
10559,76341
10559,281957
10559,101299
10559,59967
10559,2048
14620,41154
14620,14337
14620,227719
14620,4723
14620,2253
17445,30061
17445,378674
17445,14011
17445,217993
17445,155
9067,76341
9067,294254
9067,602
9067,7191
9067,7299
3509,101299
3509,4771
3509,36915
3509,97020
3509,59967
2067,157336
2067,62
2067,286217
2067,95
2067,602
1398,840
1398,44943
1398,42542
1398,544
1398,828
154,172
154,201
154,95
154,152
154,199
14139,263472
14139,572
14139,258480
14139,3511
1433,281957
1433,263472
1433,245891
1433,2017
1433,10575
105077,602
105077,660
105077,72431
105077,124294
105077,19728
9711,296
9711,605
9711,603
9711,87101
9711,218
193687,27576
193687,713
193687,4928
193687,29062
193687,55721
13648,76341
13648,294254
13648,157336
13648,198663
13648,131631
301728,157336
301728,33660
301728,50241
301728,77946
301728,66125
8285,607
8285,956
8285,608
8285,13183
8285,1213
8645,76649
8645,7980
8645,4771
8645,10315
8645,1381
818,817
818,27576
818,602
818,238713
818,277216
11551,19995
11551,137113
11551,602
11551,7191
11551,1865
